2 0.2861799591019688 0.5444835790116643 0.3250321215709099 0.5946792917607053 0.6890255113071947 0.5848863827806647 0.5858794081337558 0.5436102175549946 0.2861799591019688 0.5444835790116643
2 0.24370138267425717 0.4686338830473562 0.25147525091592116 0.48188148117743096 0.4359241060307363 0.48340608221292164 0.41550367233738966 0.472087534514511 0.24370138267425717 0.4686338830473562
0 0.4369916209621961 0.543780194907759 0.5293042962868525 0.5957501278748661 0.5361020956848018 0.550672878453756 0.4411826311989926 0.5106608476875498 0.4369916209621961 0.543780194907759
0 0.32497640239805936 0.46969906581164783 0.3490845321579533 0.48878007442098015 0.35270961384055205 0.46582140633905506 0.32837597446689415 0.4532315578986874 0.32497640239805936 0.46969906581164783
0 0.7822857721939304 0.47989820692607815 0.8300284423417945 0.4928370824524048 0.8323326786566027 0.474325363944767 0.7846534397935383 0.46591127123123705 0.7822857721939304 0.47989820692607815
2 0.8552923441899601 0.4865887574346396 0.8414920943232348 0.4756660903388029 0.7303803979549336 0.4800393501068202 0.7974047101273739 0.4951210187307309 0.8552923441899601 0.4865887574346396
1 0.9330959424809464 0.46492977140605857 0.9254145655020517 0.4574277574092592 0.9224370134814599 0.47276101463955217 0.9312282345668084 0.47422639532442756 0.9330959424809464 0.46492977140605857
1 0.7538316849509299 0.4863050891857285 0.7470913797331821 0.44589006557522237 0.7385917388517439 0.4562020721584162 0.7420505749742636 0.49449038369229414 0.7538316849509299 0.4863050891857285
1 0.2895784368336566 0.49770465028659305 0.2644132959774058 0.49902496135827146 0.2614151581820659 0.5323512903404416 0.2866459248146069 0.5331410903695112 0.2895784368336566 0.49770465028659305
1 0.45507922842798915 0.44193970872308314 0.4506965731269987 0.4346574995994453 0.44156136391571127 0.4477887769603324 0.44714665180024077 0.4565134062003119 0.45507922842798915 0.44193970872308314
1 0.09805101217620767 0.41014609491805637 0.0861331066696058 0.40757167508373 0.08558668443004323 0.4169723490167657 0.09719905802004483 0.4175970473372669 0.09805101217620767 0.41014609491805637