2 0.7215249813571962 0.5861034482758621 0.42270544369873225 0.5641671087533158 0.31602386278896344 0.5979708222811672 0.6781424310216256 0.6332984084880637 0.7215249813571962 0.5861034482758621
2 0.7708926174496644 0.5136472148541115 0.5992296793437732 0.5050053050397878 0.5778187919463088 0.5148275862068965 0.7619164802386279 0.5262771883289125 0.7708926174496644 0.5136472148541115
0 0.5711804623415362 0.5748023872679046 0.5700581655480985 0.5415663129973475 0.47169798657718126 0.5746909814323609 0.4743161819537659 0.6200039787798409 0.5711804623415362 0.5748023872679046
0 0.6897360178970918 0.5089933687002653 0.6878657718120805 0.49237533156498675 0.6624347501864281 0.5031870026525199 0.663930648769575 0.5262771883289125 0.6897360178970918 0.5089933687002653
0 0.23270469798657717 0.4869907161803713 0.23163460104399705 0.47291246684350136 0.18330574198359434 0.47792970822281167 0.18389485458612978 0.49650397877984087 0.23270469798657717 0.4869907161803713
2 0.1592751677852349 0.4885132625994695 0.216220730797912 0.5010689655172413 0.28445861297539154 0.4907798408488063 0.1740469798657718 0.4786193633952255 0.1592751677852349 0.4885132625994695
1 0.08367859806114838 0.46150132625994694 0.08468307233407904 0.47087931034482755 0.09358612975391498 0.4700397877984085 0.09203206562266966 0.454579575596817 0.08367859806114838 0.46150132625994694
1 0.26049142431021627 0.49536339522546424 0.2714854586129754 0.5043328912466845 0.27846979865771815 0.46649336870026525 0.270944817300522 0.4556392572944298 0.26049142431021627 0.49536339522546424
1 0.7224541387024609 0.5393368700265253 0.7221073825503356 0.574789124668435 0.7473437733035049 0.5757771883289126 0.7474302759134974 0.5424190981432361 0.7224541387024609 0.5393368700265253
1 0.5625428784489188 0.472237400530504 0.5691088739746457 0.48729045092838197 0.5754847129008203 0.47900530503978783 0.567586129753915 0.46530238726790457 0.5625428784489188 0.472237400530504
1 0.9215540641312454 0.46571220159151194 0.9217158836689038 0.47318302387267897 0.9333549589858314 0.4733779840848807 0.9336778523489933 0.46398938992042443 0.9215540641312454 0.46571220159151194