2 0.25221989169006764 0.5444852657059523 0.28704832236445865 0.5959107568534756 0.6501027344613866 0.5978607660861528 0.5505957003189736 0.553277295450106 0.25221989169006764 0.5444852657059523
2 0.2157461898044013 0.4673006812155105 0.2224696253274112 0.4807928653037322 0.4059459561814619 0.48826504204924054 0.3864869246115382 0.47629317997178733 0.2157461898044013 0.4673006812155105
0 0.40238569164724847 0.5486457217263292 0.4902907433391924 0.6035686590192275 0.500508553624927 0.558731431993051 0.40909319472113237 0.5156768128301408 0.40238569164724847 0.5486457217263292
0 0.29656255769091217 0.47098640532506436 0.31909780639761987 0.49083607064932344 0.3244640066959386 0.4680049017193165 0.3012072686101079 0.45463612881579907 0.29656255769091217 0.47098640532506436
0 0.7509692074659524 0.4959285804717507 0.7974996407192476 0.510401135727955 0.8012106224582235 0.49197226849951325 0.7543968650133859 0.48202445371619695 0.7509692074659524 0.4959285804717507
2 0.82312475807173 0.504970427899308 0.8102248822571376 0.49360775762898557 0.6992938509358575 0.49439576545822594 0.7648523923327891 0.5116319374637237 0.82312475807173 0.504970427899308
1 0.9022257932007204 0.4858305194886783 0.8951544822676057 0.4780842510164237 0.8910166825656912 0.4933144099328571 0.8996549113538801 0.4950626219489706 0.9022257932007204 0.4858305194886783
1 0.7221565655218483 0.5014148922941315 0.71854209869887 0.46080115026285606 0.7092923064908285 0.470834294067968 0.7098033708918827 0.5092164814948219 0.7221565655218483 0.5014148922941315
1 0.25918444915894534 0.49783752009948 0.2340349710314375 0.49834567291857457 0.22849895730979508 0.5315599369327442 0.25355218619717584 0.5331630378789101 0.25918444915894534 0.49783752009948
1 0.42818727166585413 0.4474355352514019 0.42438254696611494 0.4400153504873362 0.4142842646071919 0.45284596773409247 0.41917559639702445 0.46174669063979523 0.42818727166585413 0.4474355352514019
1 0.07524998355334511 0.40414281249182193 0.06358449597288496 0.40118524084093743 0.06232080236444848 0.41056395535916457 0.07383146515610663 0.4115628521033504 0.07524998355334511 0.40414281249182193