2 0.23862871984885073 0.7598581355641028 0.8736660652263261 0.9320116125771799 0.848679303400778 0.6888230843212068 0.3546706019639009 0.5802995170703023 0.23862871984885073 0.7598581355641028
2 0.8169399449829331 0.47333076385044215 0.481034436241149 0.3969116775396713 0.4216171937576686 0.484513502299513 0.8217227298701211 0.5815561278325514 0.8169399449829331 0.47333076385044215
2 0.7269940666712116 0.41119967220905174 0.7353379550227168 0.348869126967421 0.4747633307562148 0.2952840041922832 0.42175567718426443 0.3402633140084014 0.7269940666712116 0.41119967220905174
2 0.7415710170608891 0.31883207581199946 0.7455991764855436 0.27879828533429724 0.529580237596398 0.23346943701256911 0.5048189824199408 0.2648799711639635 0.7415710170608891 0.31883207581199946
2 0.7400689164494115 0.261689168883649 0.7446764245022015 0.2356732976939407 0.571244634447929 0.1949721079506 0.5506257813227038 0.2207237440964688 0.7400689164494115 0.261689168883649
2 0.7551131796033579 0.2249519167079102 0.7596381076421592 0.203333717333868 0.6038080945099769 0.16689143530003414 0.58939159495027 0.1842230005087799 0.7551131796033579 0.2249519167079102
2 0.7622549103690585 0.19134816656192125 0.7650450809667924 0.17246569335334783 0.6252805351542142 0.14180387491641572 0.6139543186905762 0.1579236172625803 0.7622549103690585 0.19134816656192125
0 0.6834129980437618 0.16181759935035528 0.6848352452139332 0.177528845579967 0.6960985321401431 0.15543004560121004 0.694718632901317 0.13976375596226304 0.6834129980437618 0.16181759935035528
0 0.6662168755509974 0.19193782901907555 0.6676500074975917 0.21001830862700502 0.6812215194861526 0.1872947045385834 0.6791397654861088 0.1734528495368921 0.6662168755509974 0.19193782901907555
0 0.6453088323072242 0.22510425903673043 0.6448245065497108 0.24508108134149725 0.6619031203125856 0.21690143034018936 0.6615195549803748 0.1997470171003593 0.6453088323072242 0.22510425903673043
0 0.6153419791179323 0.2816601939065711 0.6151842611382335 0.2983396929726062 0.6388169577135201 0.2604429808482708 0.638607637400636 0.24094519524604463 0.6153419791179323 0.2816601939065711
0 0.5719592069077514 0.3518517714998518 0.566817075077238 0.3920420143158886 0.6037121078832148 0.32755086432366676 0.6046261337809382 0.29505930217080684 0.5719592069077514 0.3518517714998518
0 0.6202507037429486 0.5527633338528326 0.6505150330482803 0.43869211640799033 0.6540673863687816 0.3879376782152345 0.6455611368696631 0.4008332695936506 0.6163416571847706 0.50238712573999 0.6087711164131663 0.5550755119024818 0.6202507037429486 0.5527633338528326
0 0.6043057515801867 0.640555827813082 0.6014268050744854 0.5929090581369312 0.539826903399335 0.8095903908747918 0.5270620302952295 0.8915542534807264 0.5446331785197469 0.8994376919891824 0.6043057515801867 0.640555827813082