2 0.8988034321372856 0.838953125 0.8355694227769112 0.6041000000000001 0.3380140405616225 0.615 0.2539781591263651 0.8206312499999999 0.8988034321372856 0.838953125
2 0.43146957878315134 0.403103125 0.3877457098283931 0.504096875 0.7921887675507021 0.504328125 0.770207488299532 0.39829375 0.43146957878315134 0.403103125
2 0.6709578783151326 0.2945875 0.4090982839313573 0.303959375 0.3647784711388456 0.36120625 0.6728299531981279 0.358315625 0.6709578783151326 0.2945875
2 0.6697098283931358 0.222734375 0.4524804992199688 0.22960625 0.4334430577223089 0.266646875 0.6722059282371295 0.263346875 0.6697098283931358 0.222734375
2 0.6619063962558502 0.180246875 0.48681279251170056 0.181496875 0.4708954758190328 0.211940625 0.6615943837753511 0.207115625 0.6619063962558502 0.180246875
2 0.6712698907956318 0.144634375 0.5139672386895475 0.145884375 0.5027301092043681 0.166503125 0.6703338533541342 0.16712812500000002 0.6712698907956318 0.144634375
2 0.6715819032761311 0.11276875 0.5308205928237129 0.11589374999999999 0.522393135725429 0.134571875 0.6718939157566303 0.1321375 0.6715819032761311 0.11276875
0 0.5944290171606864 0.137003125 0.6018377535101405 0.11241874999999998 0.5979875195007801 0.097234375 0.5905304212168486 0.12178437499999999 0.5944290171606864 0.137003125
0 0.5829282371294852 0.173296875 0.5924804992199688 0.147540625 0.5882402496099844 0.13433124999999999 0.5786396255850235 0.155734375 0.5829282371294852 0.173296875
0 0.5663572542901717 0.213490625 0.5784446177847113 0.181490625 0.5753244929797192 0.16459375 0.563628705148206 0.193590625 0.5663572542901717 0.213490625
0 0.5460764430577224 0.2733375 0.5629781591263651 0.23014375 0.5596521060842434 0.210884375 0.5435585023400936 0.25678125 0.5460764430577224 0.2733375
0 0.5140702028081123 0.377725 0.5396037441497661 0.305015625 0.5352886115444618 0.27261875 0.5126318252730109 0.336690625 0.5140702028081123 0.377725
0 0.580959438377535 0.52913125 0.5917472698907956 0.524090625 0.6028954758190328 0.40386875 0.5982199687987519 0.352753125 0.5920171606864275 0.3675625 0.5798798751950078 0.47513750000000005 0.580959438377535 0.52913125
0 0.5554258970358814 0.881940625 0.5737675507020281 0.8855375000000001 0.5903088923556943 0.61485625 0.5798798751950078 0.568359375 0.5547067082683308 0.7977093749999999 0.5554258970358814 0.881940625