2 0.10766681794840505 0.8284102449200852 0.752608970174764 0.7974542900720198 0.6691069952258595 0.5933667793200936 0.17152752242974284 0.592203025535204 0.10766681794840505 0.8284102449200852
2 0.576200902956066 0.3831949752075371 0.23743969878409468 0.38501537002326497 0.2151761694050532 0.49153250578836766 0.6196628093944306 0.4833825550790947 0.576200902956066 0.3831949752075371
2 0.33697362270831116 0.27931467368952506 0.33493311635590073 0.3431109388533007 0.6430096978668759 0.33997165526694695 0.5988362991720664 0.2835642328550113 0.33697362270831116 0.27931467368952506
2 0.33841148656241493 0.20740161189930828 0.33580791068298044 0.24808304885994814 0.5745874380934584 0.24670994354817602 0.5556457554999475 0.21002375136530177 0.33841148656241493 0.20740161189930828
2 0.34632790835060157 0.1647403363333842 0.34656902456652094 0.1916162527718324 0.5372754568866924 0.1927099447598393 0.5214368158621184 0.16256279807343507 0.34632790835060157 0.1647403363333842
2 0.3370574305324 0.12929356865168878 0.33793418734650793 0.1517801057093281 0.505557389186091 0.1478732849319918 0.4943734961292341 0.1274643592502518 0.3370574305324 0.12929356865168878
2 0.33682950530690803 0.09741830835434244 0.33646632911952673 0.11680273696671176 0.4859765671278658 0.11631124051479773 0.47759752202869477 0.09778888811151729 0.33682950530690803 0.09741830835434244
0 0.41392661379834317 0.12015408152739107 0.4178657991519774 0.10485148166881486 0.410472716824548 0.08043535444091697 0.4065819892885888 0.09570261543765717 0.41392661379834317 0.12015408152739107
0 0.4253328057966632 0.15624058991090278 0.42966823533354387 0.13858544593954777 0.4201230922452749 0.1173597165898366 0.4158475213695783 0.13065863788885088 0.4253328057966632 0.15624058991090278
0 0.4417994439015628 0.19612975576022282 0.4445808159250467 0.17616650132119005 0.43296033276616147 0.14738429123762026 0.4297952712684975 0.16435060354677639 0.4417994439015628 0.19612975576022282
0 0.4619244233038252 0.2556091221451192 0.4644863375342507 0.23899539328819236 0.4485121846287929 0.1933909380351871 0.44513493637338525 0.21272494947654294 0.4619244233038252 0.2556091221451192
0 0.4936584970627734 0.35942154813413285 0.4952053519369043 0.3183387368674179 0.4727152984076544 0.25467880218283884 0.46831418449705203 0.2871761697863743 0.4936584970627734 0.35942154813413285
0 0.4157300848279367 0.350780149724096 0.40956571217026677 0.33608490241552247 0.4047547709005765 0.38731732435686633 0.4155867938430423 0.507380328041779 0.4263624650723511 0.512212228674839 0.4275846782501769 0.45817066465511386 0.4157300848279367 0.350780149724096
0 0.4167857167520223 0.5981626365955075 0.4326142585582029 0.868653762186977 0.45096735621592715 0.8646959989930542 0.4519089790928512 0.7804090509787429 0.4273385866707855 0.551438598773182 0.4167857167520223 0.5981626365955075