1 0.6980203125 0.3463109375 0.74533125 0.42100312500000003 0.786815625 0.3841515625 0.7343609375 0.315475 0.6980203125 0.3463109375
1 0.3591375 0.2571484375 0.34884218749999996 0.24725625 0.32904374999999997 0.2753515625 0.33894375 0.28761875 0.3591375 0.2571484375
0 0.5604609375 0.434459375 0.55848125 0.3762890625 0.29754375 0.3945765625 0.3018984375 0.469678125 0.5604609375 0.434459375
2 0.7790203124999999 0.46138593749999995 0.34048124999999996 0.40824531249999996 0.1315046875 0.42967656249999997 0.5920546875 0.50366875 0.7790203124999999 0.46138593749999995
2 0.7381968750000001 0.346771875 0.5689625 0.365903125 0.9984375 0.40221718749999996 0.9984375 0.3689640625 0.7381968750000001 0.346771875
0 0.826259375 0.3972796875 0.9886015625000001 0.3850359375 0.9849640624999999 0.3467 0.8163046875 0.3643734375 0.826259375 0.3972796875
2 0.284034375 0.32146875 0.402665625 0.32954218750000003 0.46825312500000005 0.323790625 0.3788546875 0.3150953125 0.284034375 0.32146875
2 0.06973281249999999 0.32444375000000003 0.1892140625 0.3342171875 0.281696875 0.32963749999999997 0.166253125 0.32061875 0.06973281249999999 0.32444375000000003
0 0.03975625 0.28926875 0.04018125 0.31051562499999996 0.11693125 0.3067828125 0.1158671875 0.28969374999999997 0.03975625 0.28926875
0 0.3118859375 0.306265625 0.31358593749999997 0.3258125 0.416165625 0.321665625 0.416059375 0.303290625 0.3118859375 0.306265625
0 0.1031703125 0.3332078125 0.2273203125 0.3253609375 0.22695156249999998 0.303134375 0.09973593750000001 0.3062359375 0.1031703125 0.3332078125