1 0.2981611376080386 0.3974620686779977 0.25577060467850593 0.3712717339948299 0.22001758985591505 0.4459534167485062 0.2687791982747255 0.47749160831544596 0.2981611376080386 0.3974620686779977
1 0.608808355829182 0.26730969499862567 0.6353605467760103 0.2951160169539148 0.6422644164192028 0.2817111597781165 0.6166316645745826 0.25621668167179557 0.608808355829182 0.26730969499862567
0 0.4522001314705267 0.46820243175229875 0.7124204803681289 0.471507594604714 0.6997935572680538 0.3963369653301596 0.44106033425651187 0.4101494145461362 0.4522001314705267 0.46820243175229875
2 0.24497979797005182 0.5217542636347302 0.4369230276912 0.5408564111561958 0.8697025021388383 0.4108660127593703 0.6609665187698578 0.41518458303964245 0.24497979797005182 0.5217542636347302
2 0.023535054175898032 0.4538903305351763 0.02531292926750408 0.48817792158757867 0.42849884322560083 0.4011125823088187 0.2590602746352332 0.4028451604019027 0.023535054175898032 0.4538903305351763
0 0.18447828071293668 0.46383547688866156 0.18679766376381857 0.429912573434168 0.02244904744100563 0.43294591493367995 0.024448851053957204 0.4715135560406032 0.18447828071293668 0.46383547688866156
2 0.6965478328900325 0.32202552932623923 0.6025896244611741 0.3273149923720919 0.5173082353365407 0.3469153204483525 0.5826012120687168 0.3445913079222448 0.6965478328900325 0.32202552932623923
2 0.9063326252724174 0.2987121610731003 0.8112882156384014 0.30674268412856176 0.7006643926752736 0.32985718864867886 0.7919385821254302 0.32307161607567925 0.9063326252724174 0.2987121610731003
0 0.9276796135065171 0.26008018428460417 0.8535057762151979 0.2698325429100338 0.8563075822677089 0.28694629083564677 0.932039330698721 0.28124767617116325 0.9276796135065171 0.26008018428460417
0 0.6659538441733843 0.3103306432706961 0.5636324917267127 0.3201440575245453 0.567657900782869 0.33841837266862257 0.6686874006727217 0.32996494990358666 0.6659538441733843 0.3103306432706961
0 0.8756735790944177 0.3115208941167972 0.8729639435605353 0.284294928619592 0.7481294974549291 0.2968071687465395 0.7527642514245108 0.3189413902108276 0.8756735790944177 0.3115208941167972