1 0.31906062639557864 0.3123598304621607 0.28906206920725896 0.27667889582010785 0.2247431285177027 0.3372309151114302 0.25868116845650635 0.37959674819473116 0.31906062639557864 0.3123598304621607
1 0.668757889272653 0.27214270634196874 0.6829511048985126 0.3051720101828804 0.6949613402174558 0.29443126257319363 0.6807157019788338 0.26380927883780225 0.668757889272653 0.27214270634196874
0 0.4379197128559712 0.4191335033336484 0.6855603202132496 0.49066496451632596 0.7037875178353005 0.4169314790200188 0.4506680376666079 0.3618252751750554 0.4379197128559712 0.4191335033336484
2 0.2180639660280316 0.41479879239014983 0.39400924156569567 0.483171133739154 0.860494711481123 0.47522536433892604 0.6590393917417827 0.4243749966898017 0.2180639660280316 0.41479879239014983
2 0.2794793304702731 0.30711904257048006 0.01952786570620773 0.29218678600427384 0.013352783512558215 0.32510757555616787 0.4422930722119907 0.3500568732092765 0.2794793304702731 0.30711904257048006
0 0.1835299383867097 0.3446346317432374 0.19942659398718782 0.3134688455304451 0.036907393093814946 0.27205579402655544 0.026212579972776966 0.30949279294285426 0.1835299383867097 0.3446346317432374
2 0.7306440227253828 0.3464699711738406 0.6386141497113 0.32671451628353904 0.5491160121131402 0.3226460455851413 0.6125239556839863 0.3376405679648521 0.7306440227253828 0.3464699711738406
2 0.9407614137896363 0.3798036385389868 0.8465871071865061 0.3623300883026543 0.7314249784905816 0.3548885440538887 0.8214900626716108 0.3725367136015788 0.9407614137896363 0.3798036385389868
0 0.9767619438842278 0.34923091929061256 0.9018619175648632 0.3388589851950746 0.8976424604457225 0.35562637145562687 0.9723986163391043 0.3702051847777995 0.9767619438842278 0.34923091929061256
0 0.7060876635648191 0.3274693793804679 0.6042320831844397 0.3097521053721122 0.6007154090521291 0.32792839710095295 0.7007866319499889 0.3465798372500678 0.7060876635648191 0.3274693793804679
0 0.9062630905856208 0.3837386061330702 0.9146479225106828 0.3575232924655054 0.7901641474970771 0.3364132915240101 0.7856741894093704 0.35836542976985925 0.9062630905856208 0.3837386061330702