2 0.05139467119457077 0.609939255469012 0.1153726111964088 0.5353567883512391 0.015539964846592877 0.5244738135725097 0.017961687365521204 0.6062069485863406 0.05139467119457077 0.609939255469012
2 0.2786662459965562 0.3455474542708875 0.14098508682124433 0.32721699508664576 0.10073477949835938 0.3554754629608169 0.25578299402977855 0.3724727918400984 0.2786662459965562 0.3455474542708875
2 0.33908313645535626 0.26864934439338545 0.23616519452485657 0.25498374916791877 0.21446689167625008 0.2695426342910793 0.3250400327648446 0.28284232870371107 0.33908313645535626 0.26864934439338545
2 0.7095278066686271 0.3182370713366179 0.8154471448419827 0.32830851775473674 0.798933417151543 0.31125881034163616 0.6991663618100377 0.30105336511373404 0.7095278066686271 0.3182370713366179
2 0.7554887216250289 0.38935124976183294 0.8883903744896123 0.40290439575474635 0.8647872014150637 0.37647862976779106 0.7390324546001625 0.36409565192517884 0.7554887216250289 0.38935124976183294
2 0.8091197579696526 0.47589806807211216 0.8382183831129291 0.5207388505524853 1 0.5366391517732041 1 0.514717449724128 0.9784477447612199 0.49142589697694233 0.8091197579696526 0.47589806807211216
2 0.9675827180406491 0.7100117434358156 1 0.7618434688974867 1 0.7109930623593844 0.9675827180406491 0.7100117434358156
0 0.9361477200710484 0.5409562385180411 0.9400439996970583 0.5187287462482639 0.8905317998048083 0.4606771845056352 0.887103238224306 0.47966294772965845 0.9361477200710484 0.5409562385180411
0 0.8263210389036455 0.3847931608018914 0.7993027452798416 0.3530377855146417 0.7956194704147551 0.3683865553726065 0.8236908478548489 0.40125085916895165 0.8263210389036455 0.3847931608018914
0 0.746563527155672 0.3060449493229436 0.7646258792322554 0.3261700112008065 0.7652945379724502 0.3123898395424065 0.7478121092195255 0.29353493465518443 0.746563527155672 0.3060449493229436
0 0.2679694196326189 0.2653827478392704 0.2669872937974712 0.28004892881641197 0.28922214892434817 0.2620909266199286 0.28953729403450035 0.24988710978901257 0.2679694196326189 0.2653827478392704
0 0.1759357219522953 0.3691696723567789 0.2122254455438406 0.3366858715111601 0.2124970926818373 0.3184715701580524 0.17619728384119404 0.3488757837666096 0.1759357219522953 0.3691696723567789
1 1 0.6509959210953127 1 0.6351586659527344 0.9989407409403162 0.6285178053607667 0.9800035363340787 0.6466367513978952 0.9883792004177858 0.6627557917283565 1 0.6509959210953127
1 0.9862495934549665 0.4249155469176265 0.9784384315645582 0.4413065044249582 0.988379634829256 0.45155305891872477 0.995610209297304 0.43884363217092154 0.9862495934549665 0.4249155469176265
1 0.9812275124425707 0.4988784943098959 0.9875952687951793 0.4950192035245604 0.9850095533819104 0.4786094812339893 0.9794725585129992 0.48017320475141245 0.9812275124425707 0.4988784943098959
1 0.7627923142451722 0.4841225347058793 0.7711110101577358 0.5012019578506975 0.7788962770501077 0.48896257313198427 0.7688938088330366 0.47201509666159447 0.7627923142451722 0.4841225347058793
1 0.8538335806200699 0.30768519889873336 0.8529557384538862 0.3166534880382252 0.8588819393153384 0.31827171793228737 0.8611098534905368 0.3055852159562592 0.8538335806200699 0.30768519889873336
1 0.2563152579186164 0.35169425393618325 0.24527746344809573 0.35085008348002666 0.24446595958938336 0.35831727687545983 0.25622414412283556 0.3586926899212774 0.2563152579186164 0.35169425393618325