2 0.103945625 0.5671798002219756 0 0.5679900110987791 0 0.6494384017758047 0.04462312500000001 0.6492075471698113 0.103945625 0.5671798002219756
2 0.117409375 0.3561209766925638 0.07901125 0.3890699223085461 0.23418500000000003 0.3879556048834628 0.25538875 0.3583673695893452 0.117409375 0.3561209766925638
2 0.2078975 0.2727980022197558 0.18715875 0.28988568257491676 0.297889375 0.29026859045504994 0.31103625 0.2744406215316315 0.2078975 0.2727980022197558
2 0.788215 0.2784517203107658 0.7708087500000002 0.2633362930077691 0.671003125 0.2647846836847947 0.6822987500000001 0.2807524972253052 0.788215 0.2784517203107658
2 0.8650593750000001 0.344503884572697 0.840061875 0.3208435072142064 0.71428625 0.323149833518313 0.7321087500000001 0.34647502774694783 0.8650593750000001 0.344503884572697
2 0.999375 0.4648701442841287 0.999375 0.4586270810210877 0.9597268750000001 0.4224783573806882 0.790436875 0.42672918978912316 0.8219618750000001 0.46815649278579363 0.999375 0.4648701442841287
2 0.999375 0.6389711431742507 0.961531875 0.6422574916759156 0.999375 0.693850166481687 0.999375 0.6389711431742507
0 0.9231100000000001 0.45425638179800226 0.870521875 0.4020066592674806 0.8682075000000001 0.4213862375138734 0.9205175000000001 0.4769311875693673 0.9231100000000001 0.45425638179800226
0 0.77358625 0.30505771365149836 0.7708087500000002 0.32083129855715875 0.8006212500000001 0.3504062153163152 0.8022875 0.3336470588235294 0.77358625 0.30505771365149836
0 0.737550625 0.2822486126526082 0.737420625 0.2683951165371809 0.7189468750000001 0.25158823529411767 0.718426875 0.2642397336293008 0.737550625 0.2822486126526082
0 0.23999562500000002 0.2942552719200888 0.261071875 0.2737069922308546 0.26068125000000003 0.2614705882352941 0.24012625 0.27947946725860157 0.23999562500000002 0.2942552719200888
0 0.18880312500000002 0.35726748057713653 0.18802250000000004 0.3390277469478357 0.15367687500000002 0.37366037735849056 0.15458750000000002 0.3939778024417314 0.18880312500000002 0.35726748057713653
1 0.970228125 0.5774539400665926 0.9794875000000001 0.592589345172031 0.9924018750000002 0.5770221975582686 0.9880156250000001 0.5571298557158713 0.970228125 0.5774539400665926
1 0.9568262500000001 0.372377358490566 0.9673037499999999 0.3814594894561598 0.9737612500000001 0.36791009988901224 0.9636487500000002 0.35507991120976695 0.9568262500000001 0.372377358490566
1 0.9690312500000001 0.42500221975582686 0.965513125 0.40890011098779133 0.960096875 0.4111098779134295 0.9629212500000002 0.42960377358490565 0.9690312500000001 0.42500221975582686
1 0.7540975000000001 0.45646281908990016 0.7611337500000002 0.44331853496115425 0.7502087500000001 0.42754495005549387 0.744839375 0.44036071032186463 0.7540975000000001 0.45646281908990016
1 0.824844375 0.2624206437291898 0.8308312499999999 0.26334628190899 0.832315 0.2504039955604883 0.8252 0.25335294117647056 0.824844375 0.2624206437291898
1 0.22249 0.36756714761376247 0.22211375000000003 0.37512652608213093 0.23382874999999997 0.3741287458379578 0.23351562500000003 0.36712208657047724 0.22249 0.36756714761376247