2 0.9957564451314639 0.5424329955995207 0.8919956771589364 0.5415639893758658 0.9469438771594453 0.6237348539856187 0.9914937657209328 0.6239907919091143 0.9957564451314639 0.5424329955995207
2 0.8895963441133071 0.33021418625960086 0.7516884979309798 0.33238699523001486 0.7713146603408731 0.3620267465424766 0.9262174312414961 0.3632287078961295 0.8895963441133071 0.33021418625960086
2 0.8035930174897843 0.2467290522277966 0.7005096475096856 0.24831661890863974 0.7128101332854215 0.2641731474593251 0.8234090456623144 0.26385119906634513 0.8035930174897843 0.2467290522277966
2 0.22377492971222573 0.2520681923961069 0.32942561181275065 0.2544308608849407 0.3415414473420145 0.23844786950474472 0.24194840539347046 0.23694212463059533 0.22377492971222573 0.2520681923961069
2 0.1435789640789055 0.31816641994415074 0.27624422320506914 0.32021402046556213 0.29526304443274065 0.29686738908440624 0.16978049434805859 0.29448813851089867 0.1435789640789055 0.31816641994415074
2 0.04496033400058115 0.39619307590615305 0.003474667359257881 0.43236834508268335 0.0031479306735014354 0.4386197943467218 0.18014592296022428 0.4420090508947784 0.21379585656025912 0.4005436022257817 0.04496033400058115 0.39619307590615305
2 0.03165545653476222 0.6162664266704051 0 0.6134796723621322 0 0.6566384025972956 0.03165545653476222 0.6162664266704051
0 0.07986389355060583 0.42803411461429813 0.08126613297678974 0.45074081760797924 0.13641144201542224 0.3951502974525679 0.13511448754503466 0.37574340270696027 0.07986389355060583 0.42803411461429813
0 0.236991181415486 0.2787180456421806 0.20683301476317345 0.3073298595355254 0.2076198747445832 0.32411245282670076 0.23893934929884977 0.2945143604039261 0.236991181415486 0.2787180456421806
0 0.2741711569556452 0.25589831203311225 0.2942112104254562 0.2378758594121965 0.2943540513306616 0.22520707825308292 0.27502601476167204 0.24202627936663784 0.2741711569556452 0.25589831203311225
0 0.7704158951264103 0.26819732465391954 0.7710587550096509 0.25340159985948246 0.751474436827319 0.23535711896342168 0.7504439432612228 0.24760974265939334 0.7704158951264103 0.26819732465391954
0 0.8182404333892872 0.3313225948360422 0.8504878972656046 0.3681012232136854 0.8524606061558162 0.3477570122764293 0.8199745824709612 0.3130587940423363 0.8182404333892872 0.3313225948360422
1 0.026362680284565544 0.5513709997668755 0.009663237824375854 0.5310097400621848 0.004241914295325029 0.5509263672178357 0.0163238690368799 0.5665215950343881 0.026362680284565544 0.5513709997668755
1 0.05047906748046989 0.34602638912603906 0.0445711959236093 0.3287019194148315 0.03380107456009808 0.34154372814626016 0.03954060452127104 0.35511490292610204 0.05047906748046989 0.34602638912603906
1 0.03553662157232068 0.39871516299347903 0.04139742130982286 0.40332628992588215 0.04518582131666936 0.3848091203061795 0.039892644364182175 0.38259337819347855 0.03553662157232068 0.39871516299347903
1 0.24852929178775174 0.43033734562315573 0.2586174481091045 0.4142187474734234 0.25392615671945246 0.4013827915321696 0.24219060340284168 0.41717149913793916 0.24852929178775174 0.43033734562315573
1 0.18803475572012557 0.23599524668762406 0.18815418497585154 0.22691516650359564 0.1812032717247937 0.22395830971055122 0.182007641364967 0.2369188045250749 0.18803475572012557 0.23599524668762406
1 0.7840606821573561 0.34161739511820466 0.7730734600885145 0.3411656151990372 0.7723940640026126 0.3481815123324015 0.7840407892190631 0.34918713661033085 0.7840606821573561 0.34161739511820466